661,74
4294967278,241
4294967278,236
4294967279,381
4243767290,0
4294967294,428
4294967294,1476
4294967294,1483
4294967294,1482
4294967294,476
660,483
4294967294,387
743,4
743,3
743,2
743,1
742,4
742,3
742,2
742,1
741,4
741,3
741,2
741,1
740,4
740,3
740,2
740,1
739,4
739,3
739,2
739,1
738,4
738,3
738,2
738,1
737,4
737,3
737,2
737,1
736,4
736,3
736,2
736,1
735,4
735,3
735,2
735,1
734,4
734,3
734,2
734,1
733,4
733,3
733,2
733,1
732,5
732,4
732,3
732,2
732,1
4294967278,237
4294967279,174
661,94
660,465
660,464
660,461
660,460
660,456
660,462
660,459
661,5
4294967278,247
4294967279,346
4294967294,170
4294967294,173
4294967294,176
4294967294,911
4294967294,185
4294967279,336
4294967294,1481
4294967294,1480
4294967294,398
4294967294,167
4294967294,464
4294967294,111
4294967294,113
4294967294,411
4294967294,459
685,4
673,4
661,152
661,4
4294967279,236
4294967278,233
4294967294,12
660,56
4294967278,219
4294967279,218
4294967294,50
4294967294,61
4294967294,470
4294967294,942
4294967294,83
4294967279,408
4294967278,215
4294967293,131
4294967293,130
4294967293,129
4294967293,128
4294967293,127
4294967293,126
4294967293,125
4294967293,124
4294967293,123
4294967293,122
4294967293,121
4294967293,120
4294967293,119
4294967293,118
4294967293,117
4294967293,116
4294967293,115
4294967293,114
4294967293,113
4294967293,112
4294967293,111
4294967293,110
4294967293,109
4294967293,108
4294967293,107
4294967293,106
4294967293,105
4294967293,104
4294967293,103
4294967293,102
4294967293,101
4294967293,100
4294967293,99
4294967293,98
4294967293,97
4294967293,96
4294967293,95
4294967293,94
4294967293,93
4294967293,92
4294967293,91
4294967293,90
4294967293,89
4294967293,87
4294967293,86
4294967293,85
4294967293,84
4294967293,83
4294967293,82
4294967293,81
4294967293,80
4294967293,79
4294967293,78
4294967293,77
4294967293,76
4294967293,75
4294967293,74
4294967293,73
4294967293,72
4294967293,71
4294967293,70
4294967293,69
4294967293,68
4294967293,67
4294967293,66
4294967293,65
4294967293,64
4294967293,63
4294967293,62
4294967293,61
4294967293,60
4294967293,59
4294967293,58
4294967293,57
4294967293,56
4294967293,55
4294967293,54
4294967293,53
4294967293,52
4294967293,51
4294967293,50
4294967293,49
4294967293,48
4294967293,47
4294967293,46
4294967293,45
4294967293,44
4294967293,43
4294967293,42
4294967293,41
4294967293,40
4294967293,39
4294967293,38
4294967293,37
4294967293,36
4294967293,35
4294967293,34
4294967293,33
4294967293,32
4294967293,31
4294967293,30
4294967293,29
4294967293,28
4294967293,27
4294967293,26
4294967293,25
4294967293,24
4294967293,23
4294967293,22
4294967293,21
4294967293,20
4294967293,19
4294967293,18
4294967293,17
4294967293,16
4294967293,15
4294967293,14
4294967293,13
4294967293,12
4294967293,11
4294967293,10
4294967293,9
4294967293,8
4294967293,7
4294967293,6
4294967293,5
4294967293,4
4294967293,3
4294967278,47
4294967278,46
4294967278,45
4294967278,44
4294967278,43
4294967278,42
4294967278,41
4294967278,40
4294967278,39
4294967278,38
4294967278,37
4294967278,36
4294967278,35
4294967278,34
4294967278,33
4294967278,32
4294967278,31
4294967278,30
4294967278,29
4294967278,28
4294967278,27
4294967278,26
4294967278,25
4294967278,24
4294967278,23
4294967278,22
4294967278,21
4294967278,20
4294967278,19
4294967278,18
4294967278,17
4294967278,16
4294967278,15
4294967278,14
4294967278,13
4294967278,12
4294967278,11
4294967278,10
4294967278,9
4294967278,8
4294967278,7
4294967278,6
4294967278,5
4294967278,4
4294967279,132
4294967279,260
4294967294,81
4294967294,68
4294967294,11
660,496
660,495
660,243
660,242
660,240
660,236
660,234
660,233
660,231
660,230
660,256
660,227
660,226
660,224
660,223
660,221
660,217
660,215
660,214
660,212
660,211
660,206
660,205
660,203
660,202
660,200
660,198
660,197
660,195
660,194
660,191
660,189
660,188
660,186
660,185
660,183
660,182
660,180
660,176
660,174
660,173
660,169
660,168
660,166
660,165
660,163
660,162
660,160
660,158
660,157
660,155
660,154
660,152
660,150
660,146
660,145
660,143
660,142
660,140
660,138
660,134
660,133
660,131
660,129
660,127
660,125
660,124
660,122
660,121
660,119
660,117
660,128
660,115
660,111
660,109
660,108
660,106
660,393
660,392
660,391
660,390
660,389
660,388
660,387
660,386
660,385
660,383
660,382
660,380
660,379
660,378
660,377
660,376
660,375
660,374
660,373
660,372
660,371
660,370
660,368
660,367
660,366
660,365
660,364
660,363
660,362
660,361
660,360
660,359
660,358
660,357
660,356
660,355
660,354
660,353
660,352
660,351
660,350
660,349
660,348
660,347
660,346
660,345
660,344
660,343
660,342
660,341
660,384
660,339
660,338
660,337
660,335
660,334
660,333
660,332
660,331
660,330
660,329
660,328
660,327
660,326
660,325
660,324
660,323
660,322
660,321
660,319
660,318
660,317
660,316
660,315
660,314
660,312
660,311
660,310
660,309
660,308
660,307
660,306
660,305
660,304
660,303
660,302
660,301
660,300
660,299
660,298
660,297
660,296
660,295
660,294
660,293
660,292
660,291
660,290
660,289
660,288
660,287
660,286
660,320
660,284
660,283
660,282
660,281
660,280
660,279
660,278
660,277
660,276
660,274
660,273
660,272
660,271
660,270
660,269
660,268
660,267
660,266
660,265
660,264
660,263
660,262
660,261
660,260
660,258
660,257
660,255
660,254
660,253
660,252
660,251
660,250
660,249
660,248
660,247
660,246
660,245
660,244
660,241
660,239
660,238
660,235
660,232
660,229
660,228
660,225
660,222
660,220
660,219
660,216
660,213
660,210
660,209
660,207
660,204
660,201
660,199
660,196
660,193
660,190
660,187
660,184
660,181
660,179
660,178
660,175
660,192
660,172
660,170
660,167
660,164
660,161
660,159
660,156
660,153
660,151
660,149
660,148
660,144
660,141
660,139
660,137
660,136
660,132
660,130
660,126
660,123
660,120
660,118
660,116
660,114
660,112
660,110
660,107
660,105
660,104
660,103
660,102
660,101
660,99
660,98
660,97
660,96
660,95
660,94
660,93
660,92
660,91
660,90
660,89
660,88
660,87
660,86
660,85
660,84
660,83
660,82
660,81
660,80
660,79
660,78
660,77
660,75
660,74
660,73
660,72
660,71
660,70
660,69
660,68
660,67
660,66
660,65
660,64
660,40
660,39
660,37
660,36
660,35
660,34
660,33
660,32
660,31
660,30
660,29
660,28
660,27
660,26
660,25
660,24
660,23
660,22
660,21
660,20
660,19
660,18
660,17
660,16
660,14
660,13
660,12
660,11
660,9
660,8
684,4
672,4
684,6
672,5
660,466
660,7
660,499
660,498
660,497
660,500
4294967279,189
4294967278,260
4294967294,395
4294967294,908
4294967294,418
4294967294,468
660,381
660,369
660,340
660,336
660,313
660,285
660,275
660,259
660,237
660,218
660,208
660,177
660,171
660,147
660,135
660,113
660,100
660,76
660,38
660,15
660,4
660,0
4294967294,114
4294967279,341
4294967279,0
731,4
4294967279,171
731,3
731,2
731,1
730,4
730,3
730,2
730,1
729,4
729,3
729,2
729,1
728,4
728,3
728,2
728,1
727,4
727,3
727,2
727,1
726,4
726,3
726,2
726,1
725,4
725,3
725,2
725,1
724,4
724,3
724,2
724,1
723,4
723,3
723,2
723,1
722,4
722,3
722,2
722,1
721,4
721,3
721,2
721,1
720,5
720,4
720,3
720,2
720,1
4294967294,388
719,4
719,3
719,2
719,1
718,4
718,3
718,2
718,1
717,4
717,3
717,2
717,1
716,4
716,3
716,2
716,1
715,4
715,3
715,2
715,1
714,4
714,3
714,2
714,1
713,4
713,3
713,2
713,1
712,4
712,3
712,2
712,1
711,4
711,3
711,2
711,1
710,4
710,3
710,2
710,1
709,4
709,3
709,2
709,1
708,5
708,4
708,3
708,2
708,1
707,4
707,3
707,2
707,1
706,4
706,3
706,2
706,1
705,4
705,3
705,2
705,1
704,4
704,3
704,2
704,1
703,4
703,3
703,2
703,1
702,4
702,3
702,2
702,1
701,4
701,3
701,2
701,1
700,4
700,3
700,2
700,1
699,4
699,3
699,2
699,1
698,4
698,3
698,2
698,1
697,4
697,3
697,2
697,1
696,5
696,4
696,3
696,2
696,1
4294967294,390
685,5
4294967278,341
684,7
695,4
695,3
695,2
695,1
694,4
694,3
694,2
694,1
693,4
693,3
693,2
693,1
692,4
692,3
692,2
692,1
691,4
691,3
691,2
691,1
690,4
690,3
690,2
690,1
689,4
689,3
689,2
689,1
688,4
688,3
688,2
688,1
687,4
687,3
687,2
687,1
686,4
686,3
686,2
686,1
685,3
685,2
685,1
684,3
684,2
684,1
673,5
672,6
4294967294,89
4294967279,180
4294967278,179
4294967279,179
683,4
4294967278,178
683,3
683,2
683,1
4294967279,178
4294967278,177
682,4
4294967279,177
682,3
682,2
682,1
4294967278,176
4294967279,176
681,4
4294967278,175
681,3
681,2
681,1
4294967279,175
4294967278,173
680,4
4294967279,173
680,3
680,2
680,1
4294967278,172
4294967279,172
679,4
4294967278,171
679,3
679,2
679,1
678,4
678,3
678,2
678,1
4294967278,169
677,4
677,3
677,2
677,1
676,4
676,3
676,2
676,1
675,4
675,3
675,2
675,1
674,4
674,3
674,2
674,1
673,3
673,2
673,1
672,3
672,2
672,1
0,7
4294967294,17
4294967294,99
4294967294,76
4294967294,41
4294967294,5
4294967294,898
4294967294,897
4294967294,67
4294967294,42
4294967294,393
4294967294,389
4294967294,120
4294967294,115
4294967294,914
4294967294,1474
4294967294,186
4294967294,945
4294967294,0
4294967294,900
4294967294,915
4294967294,396
4294967294,409
4294967294,413
4294967294,420
4294967294,178
4294967294,407
4294967294,179
4294967294,512
4294967294,403
4294967294,384
4294967294,168
4294967294,175
4294967294,112
4294967294,2
661,0
4294967278,132
4294967278,131
4294967278,130
4294967278,129
4294967278,128
4294967278,127
4294967278,126
4294967278,125
4294967278,124
4294967278,123
4294967278,122
4294967278,121
4294967278,120
4294967278,119
4294967278,118
4294967278,117
4294967278,116
4294967278,115
4294967278,114
4294967278,113
4294967278,112
4294967278,111
4294967278,110
4294967278,109
4294967278,108
4294967278,107
4294967278,106
4294967278,105
4294967278,104
4294967278,103
4294967278,102
4294967278,101
4294967278,100
4294967278,99
4294967278,98
4294967278,97
4294967278,96
4294967278,95
4294967278,94
4294967278,93
4294967278,92
4294967278,91
4294967278,90
4294967278,89
4294967278,87
4294967278,86
4294967278,85
4294967278,84
4294967278,83
4294967278,82
4294967278,81
4294967278,80
4294967278,79
4294967278,78
4294967278,77
4294967278,76
4294967278,75
4294967278,74
4294967278,73
4294967278,72
4294967278,71
4294967278,70
4294967278,69
4294967278,68
4294967278,67
4294967278,66
4294967278,65
4294967278,64
4294967278,63
4294967278,62
4294967278,61
4294967278,60
4294967278,59
4294967278,58
4294967278,57
4294967278,56
4294967278,54
4294967278,53
4294967278,52
4294967278,51
4294967278,50
4294967278,49
4294967278,48
4294967278,0
4294967278,514
4294967279,131
4294967279,130
4294967279,129
4294967279,128
4294967279,127
4294967279,126
4294967279,125
4294967279,124
4294967279,123
4294967279,122
4294967279,121
4294967279,120
4294967279,119
4294967279,118
4294967279,117
4294967279,116
4294967279,115
4294967279,114
4294967279,113
4294967279,112
4294967279,111
4294967279,110
4294967279,109
4294967279,108
4294967279,107
4294967279,106
4294967279,105
4294967279,104
4294967279,103
4294967279,102
4294967279,101
4294967279,100
4294967279,99
4294967279,98
4294967279,97
4294967279,96
4294967279,95
4294967279,94
4294967279,93
4294967279,92
4294967279,91
4294967279,90
4294967279,89
4294967279,87
4294967279,86
4294967279,85
4294967279,84
4294967279,83
4294967279,82
4294967279,81
4294967279,80
4294967279,79
4294967279,78
4294967279,77
4294967279,76
4294967279,75
4294967279,74
4294967279,73
4294967279,72
4294967279,71
4294967279,70
4294967279,69
4294967279,68
4294967279,67
4294967279,66
4294967279,65
4294967279,64
4294967279,63
4294967279,62
4294967279,61
4294967279,60
4294967279,59
4294967279,58
4294967279,57
4294967279,55
4294967279,53
4294967279,52
4294967279,51
4294967279,50
4294967279,49
4294967279,48
4294967279,47
4294967279,46
4294967279,45
4294967279,44
4294967279,43
4294967279,42
4294967279,41
4294967279,40
4294967279,39
4294967279,37
4294967279,36
4294967279,35
4294967279,34
4294967279,33
4294967279,32
4294967279,31
4294967279,30
4294967279,29
4294967279,28
4294967279,27
4294967279,26
4294967279,25
4294967279,24
4294967279,23
4294967279,22
4294967279,21
4294967279,20
4294967279,19
4294967279,18
4294967279,17
4294967279,16
4294967279,15
4294967279,14
4294967279,13
4294967279,12
4294967279,11
4294967279,10
4294967279,9
4294967279,8
4294967279,7
4294967279,6
4294967279,5
4294967279,4
661,7
666,5
4294967279,38
0,5
4294967294,46
4294967294,1
4294967294,419
4294967294,916
4294967294,45
4294967294,44
4294967294,53
4294967294,944
4294967294,29
4294967294,943
4294967294,28
4294967294,27
4294967294,92
4294967294,91
4294967294,90
4294967294,88
4294967294,87
4294967294,86
4294967294,85
4294967294,84
4294967294,96
4294967294,94
4294967294,93
4294967294,95
671,4
671,3
671,2
671,1
670,4
670,3
670,2
670,1
669,4
669,3
669,2
669,1
668,4
668,3
668,2
668,1
667,4
667,3
667,2
667,1
666,4
666,3
666,2
666,1
665,4
665,3
665,2
665,1
664,4
664,3
664,2
664,1
663,4
663,3
663,2
663,1
662,4
662,3
662,2
662,1
661,3
661,2
661,1
660,3
660,2
660,1
4294967294,9
4294967294,8
4294967294,22
4294967294,424
4294967294,43
4294967294,417
4294967294,51
4294967294,52
4294967294,469
4294967294,25
4294967294,26
4294967294,969
4294967294,82
646,452
646,451
646,450
646,449
646,0
646,448
646,383
646,382
646,381
646,380
646,379
646,378
646,377
646,376
646,375
646,374
646,373
646,372
646,371
646,370
646,369
646,386
646,385
646,384
646,63
646,368
646,367
646,366
646,365
646,364
646,363
646,362
646,361
646,360
646,359
646,358
4294967278,55
4294967279,56
4294967279,54
646,357
646,356
646,355
646,354
646,353
646,352
646,351
646,350
646,349
646,348
646,347
646,346
646,345
646,344
646,343
646,342
646,62
646,61
646,341
646,340
646,339
646,338
646,337
646,336
646,335
646,334
646,333
646,332
646,331
646,330
646,329
646,328
646,327
646,326
646,325
646,324
646,323
646,322
646,321
646,320
646,319
646,318
646,317
646,316
646,315
646,60
646,59
646,314
646,313
646,312
646,311
646,310
646,309
646,308
646,307
646,306
646,305
646,304
646,303
646,302
646,301
646,300
646,299
646,298
646,297
646,296
4294967294,7
4294967294,6
646,295
646,294
646,293
646,292
646,291
646,290
646,289
646,288
646,58
646,57
646,287
646,286
646,285
646,284
646,283
4294967279,168
646,282
646,281
646,280
646,279
646,278
646,277
646,276
646,275
646,274
646,273
646,272
646,271
646,270
646,269
646,268
646,267
646,266
646,265
4294967279,165
4294967278,164
4294967279,164
4294967278,163
646,264
646,263
646,262
646,261
646,56
646,55
646,260
646,259
646,258
646,257
646,256
646,255
646,254
646,253
646,252
646,251
646,250
646,249
646,248
646,247
646,246
646,245
646,244
646,243
646,242
646,241
646,240
646,239
646,238
646,237
646,236
646,235
646,234
646,54
646,53
646,233
646,232
646,231
646,230
646,229
646,228
646,227
646,226
646,225
646,224
646,223
646,222
646,221
646,220
646,219
646,218
646,217
646,216
646,215
646,214
646,213
646,212
646,211
646,210
646,209
646,208
646,207
646,52
646,51
646,206
646,205
646,204
646,203
646,202
646,201
646,200
646,199
646,198
646,197
646,196
646,195
646,194
646,193
646,192
646,191
646,190
646,189
646,188
646,187
646,186
646,185
646,184
646,183
646,182
646,181
646,50
646,49
646,180
646,179
646,178
646,177
646,176
646,175
646,174
646,173
646,172
646,171
646,170
646,169
646,168
646,167
646,166
646,165
646,164
646,163
646,162
646,161
646,160
646,159
646,158
646,157
646,156
646,155
646,154
646,48
646,47
646,153
646,152
646,151
646,150
646,149
646,148
646,147
646,146
646,145
646,144
646,143
646,142
646,141
646,140
646,139
646,138
646,137
646,136
646,135
646,134
646,133
646,132
646,131
646,130
646,129
646,128
646,127
646,46
646,45
646,126
646,125
646,124
646,123
646,122
646,121
646,120
646,119
646,118
646,117
646,116
646,115
646,114
646,113
646,112
646,111
646,110
646,109
646,108
646,107
646,106
646,105
646,104
646,103
646,102
646,101
646,100
646,44
646,43
646,99
646,98
646,97
646,96
646,95
646,94
646,93
646,92
646,91
646,90
646,89
646,88
646,87
646,86
646,85
646,84
646,83
646,82
646,81
646,80
646,79
646,78
646,77
646,76
646,75
646,74
646,73
646,38
646,36
646,72
646,71
646,70
646,69
646,68
646,67
646,66
646,65
646,64
646,42
646,41
646,40
646,39
646,37
646,35
646,6
646,5
646,34
646,33
646,32
646,31
646,30
646,29
646,28
646,27
646,26
646,25
646,24
646,23
646,22
646,21
646,20
646,19
646,18
646,17
646,16
646,15
646,14
646,13
646,12
646,11
646,10
646,9
646,8
646,7
659,4
659,3
659,2
659,1
658,4
658,3
658,2
658,1
657,4
657,3
657,2
657,1
656,4
656,3
656,2
656,1
655,4
655,3
655,2
655,1
654,4
654,3
654,2
654,1
653,4
653,3
653,2
653,1
652,4
652,3
652,2
652,1
651,4
651,3
651,2
651,1
650,4
650,3
650,2
650,1
649,4
649,3
649,2
649,1
4294967294,1475
648,5
648,4
648,3
648,2
648,1
647,4
647,3
647,2
647,1
4294967278,345
646,4
646,3
646,2
646,1
645,6
4294967279,397
645,5
645,4
645,3
645,2
645,1
644,4
644,3
644,2
644,1
643,5
643,4
643,3
643,2
643,1
642,5
642,4
642,3
642,2
642,1
641,5
641,4
641,3
641,2
641,1
4294967279,407
4294967279,398
4294967279,402
4294967278,336
4294967279,406
4294967278,344
4294967279,2
4294967279,405
4294967278,342
4294967278,547
4294967294,399
4294967294,1472
4294967294,448
4294967278,546
